0 40 170 240 260 280 450 520 530 740 850 990 1010 1210 1250 1270 1190 1030 930 880
0 0 130 200 220 240 410 480 490 700 810 950 970 1170 1210 1310 1230 1070 970 920
0 0 0 70 90 110 280 350 360 570 680 820 840 1040 1080 1180 1260 1200 1100 1050
0 0 0 0 20 40 210 280 290 500 610 750 770 970 1010 1110 1190 1270 1070 1120
0 0 0 0 0 20 190 260 270 480 590 730 750 950 990 1090 1170 1330 1090 1140
0 0 0 0 0 0 170 240 250 460 570 710 730 930 970 1070 1150 1310 1220 1160
0 0 0 0 0 0 0 70 80 290 400 540 560 760 800 900 980 1140 1240 1290
0 0 0 0 0 0 0 0 10 220 330 470 490 690 730 830 910 1070 1170 1220
0 0 0 0 0 0 0 0 0 210 320 460 480 680 720 820 900 1060 1160 1210
0 0 0 0 0 0 0 0 0 0 110 250 270 470 510 610 690 850 950 1000
0 0 0 0 0 0 0 0 0 0 0 140 160 360 400 500 580 740 840 890
0 0 0 0 0 0 0 0 0 0 0 0 20 220 260 360 440 600 700 750
0 0 0 0 0 0 0 0 0 0 0 0 0 200 240 340 420 580 680 730
0 0 0 0 0 0 0 0 0 0 0 0 0 0 40 140 320 480 580 630
0 0 0 0 0 0 0 0 0 0 0 0 0 0 0 100 180 340 440 490
0 0 0 0 0 0 0 0 0 0 0 0 0 0 0 0 80 240 340 390
0 0 0 0 0 0 0 0 0 0 0 0 0 0 0 0 0 160 260 310
0 0 0 0 0 0 0 0 0 0 0 0 0 0 0 0 0 0 100 150
0 0 0 0 0 0 0 0 0 0 0 0 0 0 0 0 0 0 0 50
0 0 0 0 0 0 0 0 0 0 0 0 0 0 0 0 0 0 0 0